0.70722836,0.48624472,1,[49],40,2000
0.708381352,0.483037968,3,[162, 80, 120],40,2000
0.7180487879999999,0.504135038,5,[170, 18, 93, 159, 15],40,2000
0.7254101999999999,0.506329124,7,[144, 97, 36, 160, 109, 7, 86],40,2000
0.7274501179999999,0.518649798,8,[50, 117, 147, 158, 77, 111, 87, 81],40,2000
0.731352564,0.520675112,8,[119, 117, 61, 157, 84, 32, 86, 82],40,2000
0.73046565,0.518143472,8,[120, 118, 94, 156, 83, 32, 110, 93],40,2000
0.7295787340000001,0.521687792,8,[120, 98, 92, 156, 82, 110, 107, 90],40,2000
0.7325055559999999,0.53350212,8,[120, 99, 93, 147, 82, 97, 107, 92],40,2000
0.734722844,0.5306329080000001,8,[119, 99, 93, 147, 82, 97, 107, 92],40,2000
0.730110878,0.52556961,8,[119, 99, 93, 147, 82, 97, 107, 92],40,2000
