0,0,0.2447973137512947,[1, 49.0, 197.0, 43.0, 59.0, 17.0, 17.0, 112.0, 170.0, 22.0, 84.0]
0,1,0.25800914801024394,[2, 40.0, 137.0, 157.0, 175.0, 67.0, 131.0, 87.0, 85.0, 199.0, 169.0]
0,2,0.2152893190843602,[3, 162.0, 80.0, 120.0, 17.0, 64.0, 58.0, 168.0, 198.0, 147.0, 102.0]
0,3,0.230493652394299,[4, 43.0, 30.0, 122.0, 38.0, 12.0, 127.0, 114.0, 73.0, 173.0, 6.0]
0,4,0.1918324700867038,[5, 170.0, 18.0, 93.0, 159.0, 15.0, 191.0, 159.0, 117.0, 150.0, 100.0]
0,5,0.2990785133704522,[6, 169.0, 117.0, 113.0, 99.0, 107.0, 6.0, 169.0, 152.0, 34.0, 200.0]
0,6,0.16324377992944614,[7, 144.0, 97.0, 36.0, 160.0, 109.0, 7.0, 86.0, 81.0, 56.0, 52.0]
0,7,0.18377992781968813,[8, 94.0, 33.0, 103.0, 103.0, 134.0, 137.0, 155.0, 121.0, 97.0, 7.0]
0,8,1.1702991030243282,[9, 24.0, 155.0, 23.0, 105.0, 133.0, 16.0, 119.0, 49.0, 75.0, 86.0]
0,9,0.2920901028381149,[10, 109.0, 16.0, 73.0, 88.0, 128.0, 86.0, 31.0, 51.0, 31.0, 71.0]
1,0,0.21075041904953248,[3, 54, 200, 38, 54, 12, 12, 107, 165, 27, 79]
1,1,0.1912286717050188,[4, 35, 132, 162, 170, 62, 126, 82, 80, 194, 164]
1,5,0.22337271565529143,[8, 174, 112, 108, 104, 102, 11, 164, 147, 29, 195]
1,8,0.2586262366775104,[10, 29, 150, 28, 110, 138, 11, 114, 54, 70, 81]
2,5,0.2188770536482949,[9, 169, 107, 103, 109, 103, 12, 159, 142, 34, 190]
2,9,0.24683556729582573,[9, 109, 26, 73, 88, 119, 86, 41, 61, 41, 62]
3,0,0.20726026689595578,[7, 64, 190, 34, 64, 22, 5, 97, 155, 37, 69]
3,2,0.16576331142944692,[8, 147, 85, 105, 32, 69, 53, 153, 183, 132, 97]
3,3,0.1759019706694545,[7, 58, 45, 107, 53, 27, 112, 109, 80, 158, 15]
3,4,0.18396298237018388,[7, 155, 33, 78, 157, 30, 176, 146, 102, 135, 85]
3,5,0.1871647415898834,[9, 164, 102, 98, 114, 105, 11, 154, 137, 39, 185]
3,8,0.22926891568204227,[8, 39, 140, 35, 120, 134, 6, 105, 63, 62, 72]
3,9,0.1719190889468248,[7, 114, 31, 68, 93, 114, 81, 46, 66, 46, 57]
4,1,0.15652383220803268,[8, 50, 117, 147, 158, 77, 111, 87, 81, 179, 149]
4,8,0.1954026717673097,[7, 44, 135, 38, 125, 129, 6, 100, 68, 57, 67]
5,7,0.17572552549222062,[8, 109, 58, 98, 128, 119, 122, 130, 96, 92, 32]
6,4,0.1798033747342413,[8, 140, 48, 83, 158, 45, 161, 131, 87, 140, 90]
8,7,0.16329266745186094,[8, 94, 73, 113, 143, 104, 111, 115, 82, 107, 47]
9,4,0.17284895144609974,[9, 125, 63, 98, 157, 60, 146, 116, 80, 155, 105]
9,6,0.14802992002469886,[8, 119, 117, 61, 157, 84, 32, 86, 82, 81, 77]
10,0,0.20697161526169205,[8, 56, 159, 59, 97, 51, 30, 90, 124, 68, 87]
10,2,0.16326405230444146,[8, 123, 108, 120, 67, 77, 68, 118, 148, 147, 112]
10,3,0.1736125000915294,[8, 55, 80, 122, 88, 62, 107, 91, 82, 172, 50]
10,5,0.17531890669362396,[8, 134, 114, 109, 142, 86, 31, 125, 108, 70, 159]
12,0,0.18627744294498377,[8, 65, 151, 60, 106, 59, 30, 90, 116, 74, 83]
12,3,0.16796695772930448,[8, 65, 89, 112, 98, 70, 97, 89, 82, 162, 58]
12,9,0.16597247742616783,[8, 111, 74, 71, 136, 91, 83, 79, 78, 74, 73]
13,0,0.16500160601886044,[8, 70, 146, 61, 111, 64, 31, 88, 111, 78, 80]
13,3,0.14915467629117196,[8, 68, 91, 109, 101, 71, 94, 89, 82, 159, 60]
13,4,0.171356161133905,[8, 120, 83, 80, 157, 77, 126, 98, 81, 135, 88]
13,5,0.14097527067166202,[8, 120, 118, 94, 156, 83, 32, 110, 93, 83, 144]
13,7,0.1478949073435371,[8, 105, 92, 98, 153, 91, 90, 99, 82, 96, 63]
15,8,0.18289899388075365,[8, 77, 120, 68, 153, 89, 29, 96, 90, 81, 84]
17,4,0.13115304204623346,[8, 120, 98, 92, 156, 82, 110, 107, 90, 120, 103]
18,3,0.14461627476287559,[8, 93, 102, 95, 126, 80, 79, 104, 88, 134, 85]
19,0,0.16412077021042418,[8, 100, 119, 87, 141, 78, 42, 103, 94, 92, 100]
20,1,0.14865376895018884,[8, 104, 103, 101, 157, 81, 87, 102, 87, 129, 131]
20,9,0.16185370396505103,[8, 118, 95, 92, 153, 83, 69, 105, 88, 94, 102]
21,8,0.13987230623827265,[8, 107, 102, 88, 155, 84, 52, 104, 89, 103, 100]
22,2,0.1471633860415874,[8, 121, 100, 102, 122, 80, 60, 110, 107, 130, 105]
23,5,0.13840954854651508,[8, 120, 103, 94, 156, 82, 57, 109, 92, 107, 120]
30,9,0.14474147033584478,[8, 120, 97, 92, 155, 82, 102, 107, 89, 112, 103]
35,0,0.15974301749381742,[8, 116, 102, 91, 153, 81, 98, 106, 91, 114, 102]
35,2,0.12939799996283646,[8, 120, 99, 93, 147, 82, 97, 107, 92, 120, 103]
49,0,0.12593933217183695,[8, 119, 99, 93, 147, 82, 97, 107, 92, 120, 103]
56,6,0.1408550023945064,[8, 119, 103, 85, 150, 83, 81, 102, 89, 111, 97]
74,7,0.14500245976484014,[8, 115, 97, 94, 148, 84, 95, 105, 89, 114, 93]
82,9,0.13325225290423784,[8, 119, 99, 93, 148, 82, 98, 107, 92, 119, 103]
103,4,0.12918120380984846,[8, 119, 99, 93, 151, 82, 103, 107, 91, 120, 103]
127,7,0.14377310699102402,[8, 117, 98, 93, 147, 83, 96, 106, 90, 116, 97]
129,3,0.14303663847611658,[8, 117, 99, 94, 145, 81, 95, 107, 92, 121, 101]
151,5,0.13234173002569877,[8, 119, 100, 93, 149, 82, 87, 108, 92, 117, 107]
206,8,0.13908267262900212,[8, 116, 100, 92, 149, 82, 87, 106, 91, 116, 102]
233,5,0.13198657453859738,[8, 119, 99, 93, 148, 82, 94, 107, 92, 119, 104]
237,1,0.13431846243812084,[8, 116, 100, 95, 149, 82, 95, 106, 91, 122, 108]
238,3,0.14077752377470631,[8, 119, 99, 93, 147, 82, 97, 107, 92, 120, 103]
268,3,0.1178509554038409,[8, 119, 99, 93, 147, 82, 97, 107, 92, 120, 103]
276,1,0.12472099576569451,[8, 118, 99, 93, 147, 82, 97, 107, 92, 120, 104]
370,5,0.13092377465333632,[8, 119, 99, 93, 147, 82, 97, 107, 92, 120, 103]
408,4,0.12050729431016785,[8, 119, 99, 93, 148, 82, 98, 107, 92, 120, 103]
420,2,0.12890174911573477,[8, 119, 99, 93, 147, 82, 97, 107, 92, 120, 103]
426,7,0.14354904777858157,[8, 119, 99, 93, 147, 82, 97, 107, 92, 120, 103]
442,6,0.14053540165735856,[8, 119, 100, 92, 147, 82, 94, 106, 92, 119, 102]
499,7,0.13750175316265828,[8, 119, 99, 93, 147, 82, 97, 107, 92, 120, 103]
551,6,0.13966057468871027,[8, 119, 99, 93, 147, 82, 95, 107, 92, 120, 103]
570,7,0.13479626543735926,[8, 119, 99, 93, 147, 82, 97, 107, 92, 120, 103]
726,6,0.13212403019511393,[8, 119, 99, 93, 147, 82, 97, 107, 92, 120, 103]
899,1,0.12432624969733748,[8, 119, 99, 93, 147, 82, 97, 107, 92, 120, 103]
