0
187
167
167
168
174
165
167
169
169
176
167
167
170
176
169
171
168
175
171
168
169
170
167
169
167
166
170
168
170
166
169
168
167
167
171
178
170
170
169
169
170
168
171
167
167
170
166
168
169
175
169
167
167
171
171
168
169
171
168
171
168
169
169
170
171
167
170
169
169
170
173
170
170
170
168
167
170
167
168
169
166
169
168
167
170
170
170
169
169
171
169
170
170
167
170
169
169
170
167
168
170
167
168
169
168
169
167
168
168
168
168
168
165
168
164
157
160
157
154
154
153
154
153
153
152
152
153
153
153
153
153
153
152
155
153
154
153
152
152
153
152
152
153
154
154
153
153
153
154
154
151
154
151
153
155
165
170
169
169
170
170
169
170
168
169
169
169
170
167
167
170
167
167
168
168
168
168
168
168
167
169
168
167
167
169
166
171
166
166
168
162
164
163
166
163
163
167
166
168
168
165
169
167
167
169
166
167
168
167
167
168
167
167
168
169
169
166
166
168
168
169
168
167
168
169
166
167
168
166
165
168
170
167
168
170
167
167
169
166
168
168
165
167
168
168
167
168
168
166
167
167
166
168
167
168
193
202
205
203
203
200
205
203
205
204
205
207
202
214
206
206
203
205
204
197
184
185
185
185
187
185
184
186
184
186
185
186
185
185
186
186
185
185
170
161
160
161
162
160
162
160
161
159
161
159
160
161
161
160
160
161
160
162
160
160
161
160
159
161
160
160
160
161
160
160
160
160
160
162
160
161
160
160
162
161
160
160
159
160
161
160
160
161
159
162
161
159
159
160
160
160
161
161
160
161
160
159
161
160
162
160
160
161
161
160
161
161
160
161
160
160
162
160
160
161
163
161
160
160
161
161
161
159
161
160
160
161
163
160
160
159
161
160
162
160
161
161
160
161
160
162
160
159
161
162
161
161
160
159
160
160
160
160
160
161
160
160
160
161
160
162
160
159
160
161
160
162
161
162
161
161
162
159
161
163
160
161
161
160
161
161
160
162
161
159
161
159
160
161
159
160
161
161
159
161
159
159
162
160
159
161
195
202
201
204
203
203
204
202
203
205
203
203
202
203
203
204
205
204
204
205
204
205
205
206
202
205
204
204
204
204
205
207
205
205
206
207
203
204
204
203
204
205
204
207
204
204
203
205
205
205
204
204
204
205
205
205
204
203
204
204
204
204
204
205
202
203
203
202
203
205
203
203
204
202
204
204
204
205
203
205
202
202
203
203
204
205
172
167
168
166
168
168
168
167
168
169
169
168
169
166
168
168
168
170
169
168
168
170
167
171
168
168
171
168
167
171
168
168
168
167
169
170
167
169
169
168
170
168
167
170
168
169
169
172
168
167
169
169
167
167
170
168
167
169
168
168
168
170
170
170
170
168
167
168
169
166
168
170
167
167
170
170
167
168
171
168
168
171
170
168
168
146
125
124
126
124
124
125
123
124
126
124
125
126
124
123
127
125
123
124
124
123
124
125
124
125
125
125
124
127
125
125
125
126
124
125
125
126
123
124
126
124
123
125
126
123
126
125
124
124
126
124
123
126
125
124
123
125
124
123
125
125
124
125
128
157
167
165
165
170
169
168
171
168
167
169
170
169
169
172
170
169
169
171
167
168
171
170
169
168
169
171
170
170
172
170
169
171
170
168
168
169
170
167
168
169
167
166
167
169
169
168
171
169
167
167
168
169
167
166
165
167
167
169
168
168
166
167
170
170
168
167
169
169
167
166
166
169
167
166
165
170
167
165
166
169
169
169
167
167
169
170
167
167
166
165
167
169
171
166
166
170
167
166
166
167
169
169
167
166
167
170
166
166
166
167
168
168
167
166
169
171
169
167
167
168
169
168
168
167
166
167
169
169
168
166
166
170
170
168
166
168
170
169
169
168
169
168
167
169
168
168
167
165
167
169
169
168
167
168
171
169
168
166
167
168
170
169
167
166
168
168
169
167
165
167
169
170
168
168
167
167
170
169
166
166
169
168
168
166
166
167
168
170
168
167
167
170
169
167
167
167
169
170
166
168
171
168
167
166
170
168
168
167
167
169
170
168
168
167
167
170
168
167
166
166
169
170
167
167
167
169
170
168
166
166
167
169
169
168
167
167
169
168
166
166
168
170
168
166
167
168
169
169
168
167
167
168
168
169
168
170
168
167
169
167
169
168
167
166
167
172
168
167
167
169
166
169
167
168
166
168
170
167
166
168
169
169
167
169
167
167
167
164
149
149
148
148
147
147
147
147
146
146
146
146
147
148
149
147
